Score final: -23
Matriz de scores:
0 -5 -10 -15 -20 -25 -30 -35 
-5 -2 -4 -9 -14 -19 -24 -29 
-10 -4 -4 -6 -11 -16 -21 -23 
-15 -9 -6 -6 -8 -13 -18 -20 
-20 -14 -8 -8 -8 -10 -12 -17 
-25 -19 -13 -7 -7 -10 -12 -14 
-30 -24 -18 -12 -9 -9 -9 -14 
-35 -29 -23 -17 -11 -11 -11 -11 
-40 -34 -28 -22 -16 -10 -13 -13 
-45 -39 -33 -27 -21 -15 -12 -15 
-50 -44 -38 -32 -26 -20 -14 -14 
-55 -49 -43 -37 -31 -25 -19 -13 
-60 -54 -48 -42 -36 -30 -24 -18 
-65 -59 -53 -47 -41 -35 -29 -23 
Cantidad de alineamientos: 1
Alineamientos generados:
ATTACACGGATAG
--TAC-C-GAT--

